{
    "color": {
        "camera_matrix": [
            [
                2709.1608316941306,
                0.0,
                665.6722958269642
            ],
            [
                0.0,
                2709.1608316941306,
                991.2546837678124
            ],
            [
                0.0,
                0.0,
                1.0
            ]
        ],
        "distortion_coefs": [
            [
                -0.2300762557375275,
                1.3385654630186887,
                0.006436850068432612,
                0.002152318492553552,
                -18.00828586576378
            ]
        ],
        "markers": [
            [
                896.0001220703125,
                756.5
            ],
            [
                907.6502685546875,
                1378.1544189453125
            ],
            [
                376.49371337890625,
                763.4385375976562
            ],
            [
                389.854736328125,
                1396.3524169921875
            ]
        ],
        "reference": "nir_left",
        "relative_rotation": [
            [
                0.9999611731884056,
                -4.2716520736830266e-05,
                -0.008811940249812737
            ],
            [
                0.00013545735589643023,
                0.9999446107106842,
                0.010524122859553463
            ],
            [
                0.008811002608792438,
                -0.010524907883544557,
                0.9999057918359463
            ]
        ],
        "relative_translation": [
            [
                -3.4622708861028713
            ],
            [
                3.251856340362261
            ],
            [
                -3.3090761715952763
            ]
        ]
    },
    "intel_depth": {
        "camera_matrix": [
            [
                938.4110896899313,
                0.0,
                670.7533296270018
            ],
            [
                0.0,
                938.4110896899313,
                353.5949750660378
            ],
            [
                0.0,
                0.0,
                1.0
            ]
        ],
        "distortion_coefs": [
            [
                -0.32878513196223,
                4.710993641188489,
                0.0012059040097683869,
                0.004235057538393047,
                -20.185643978195685
            ]
        ],
        "markers": [
            [
                780.0,
                184.5
            ],
            [
                786.693359375,
                405.5968017578125
            ],
            [
                596.5,
                185.5
            ],
            [
                602.3780517578125,
                411.5423278808594
            ]
        ],
        "reference": "nir_left",
        "relative_rotation": [
            [
                0.9998353226924195,
                0.00931521416438263,
                -0.015574154282562952
            ],
            [
                -0.008797189920079612,
                0.9994164439486106,
                0.033005772443977906
            ],
            [
                0.015872521729562647,
                -0.03286332834916888,
                0.9993338104476197
            ]
        ],
        "relative_translation": [
            [
                -0.9969100259599053
            ],
            [
                -4.1089629090554745
            ],
            [
                -5.478408272133706
            ]
        ]
    },
    "nir_left": {
        "camera_matrix": [
            [
                2722.614014815716,
                0.0,
                637.0863885092994
            ],
            [
                0.0,
                2722.614014815716,
                1004.3124451966052
            ],
            [
                0.0,
                0.0,
                1.0
            ]
        ],
        "distortion_coefs": [
            [
                -0.4587300219790108,
                5.855915847620604,
                0.0054332550377982815,
                0.00034621966410940266,
                -33.10729465702896
            ]
        ],
        "markers": [
            [
                1010.6461181640625,
                600.6754760742188
            ],
            [
                1026.8948974609375,
                1214.5269775390625
            ],
            [
                499.5,
                602.5
            ],
            [
                515.9231567382812,
                1234.172607421875
            ]
        ],
        "reference": "nir_left",
        "relative_rotation": [
            [
                1.0,
                0.0,
                0.0
            ],
            [
                0.0,
                1.0,
                0.0
            ],
            [
                0.0,
                0.0,
                1.0
            ]
        ],
        "relative_translation": [
            [
                0.0
            ],
            [
                0.0
            ],
            [
                0.0
            ]
        ]
    },
    "nir_right": {
        "camera_matrix": [
            [
                2713.6917664466746,
                0.0,
                723.3752564651963
            ],
            [
                0.0,
                2713.6917664466746,
                977.4202504202484
            ],
            [
                0.0,
                0.0,
                1.0
            ]
        ],
        "distortion_coefs": [
            [
                -0.22604276527403855,
                0.2627983942595181,
                0.005057453387572285,
                0.004729228169466112,
                0.3555445805850847
            ]
        ],
        "markers": [
            [
                816.0,
                547.5
            ],
            [
                830.5,
                1173.5
            ],
            [
                291.0,
                554.0
            ],
            [
                305.5,
                1190.5
            ]
        ],
        "reference": "nir_left",
        "relative_rotation": [
            [
                0.9995730307722179,
                0.0035040431216878543,
                -0.02900823735844914
            ],
            [
                -0.0034198776357118894,
                0.9999897993273502,
                0.0029505386292432447
            ],
            [
                0.029018280269504777,
                -0.0028500742178495958,
                0.9995748178536479
            ]
        ],
        "relative_translation": [
            [
                -7.578980266142972
            ],
            [
                0.015287974138590213
            ],
            [
                -0.6072390457505107
            ]
        ]
    },
    "swir": {
        "camera_matrix": [
            [
                852.2523364228687,
                0.0,
                259.2747690018226
            ],
            [
                0.0,
                852.2523364228687,
                347.7324598499826
            ],
            [
                0.0,
                0.0,
                1.0
            ]
        ],
        "distortion_coefs": [
            [
                -0.4465895920413288,
                5.016209557144835,
                0.007170975813169811,
                -0.0006575956372264583,
                -33.04161368229198
            ]
        ],
        "markers": [
            [
                401.470947265625,
                254.2352294921875
            ],
            [
                402.63323974609375,
                449.9360046386719
            ],
            [
                238.87954711914062,
                256.83465576171875
            ],
            [
                242.61898803710938,
                458.85186767578125
            ]
        ],
        "reference": "nir_left",
        "relative_rotation": [
            [
                0.9998076313398208,
                0.003776106961104712,
                0.01924685249268862
            ],
            [
                -0.002153740960903502,
                0.9964948523893977,
                -0.08362637479471233
            ],
            [
                -0.01949517156965653,
                0.08356883496645545,
                0.996311290766003
            ]
        ],
        "relative_translation": [
            [
                -0.008628450018923383
            ],
            [
                8.3851084744432
            ],
            [
                -3.6741507232575303
            ]
        ]
    },
    "thermal": {
        "camera_matrix": [
            [
                1108.5226587177772,
                0.0,
                221.22926428425924
            ],
            [
                0.0,
                1108.5226587177772,
                298.3490250930687
            ],
            [
                0.0,
                0.0,
                1.0
            ]
        ],
        "distortion_coefs": [
            [
                -0.4690766557708673,
                0.36168716864540035,
                0.0006434025131502818,
                0.0018027483804630422,
                -1.0097397381943083
            ]
        ],
        "markers": [
            [
                302.90106201171875,
                190.9781036376953
            ],
            [
                304.25048828125,
                427.83123779296875
            ],
            [
                102.06784057617188,
                195.30990600585938
            ],
            [
                109.32274627685547,
                434.5302429199219
            ]
        ],
        "reference": "nir_left",
        "relative_rotation": [
            [
                0.9997994752424108,
                -0.0036117222994061196,
                0.019696821241815335
            ],
            [
                0.00495823315568465,
                0.9976217745166153,
                -0.06874744311095125
            ],
            [
                -0.0194016810862854,
                0.06883131897872931,
                0.9974396344133687
            ]
        ],
        "relative_translation": [
            [
                -5.925648033964065
            ],
            [
                7.565025563585999
            ],
            [
                1.3764279816461296
            ]
        ]
    }
}